%YAML:1.0
cam0:
  T_cam_imu:
    [-0.0016321884937289255, 0.9999911073173906, -0.003888604744690958, 0.04399514217451975,
    -0.9999981215938616, -0.001636240249182963, -0.001039002692998034, 0.0056942821075418966,
    -0.0010453561450732818, 0.00388690159207147, 0.9999918995804635, -0.02047775014267633,
    0.0, 0.0, 0.0, 1.0]
  camera_model: pinhole
  distortion_coeffs: [-0.01683603, -0.03970327, 0.05961326, -0.03087056]
  distortion_model: equidistant
  intrinsics: [365.96045418, 365.72172336, 375.28944422, 231.11638654]
  resolution: [752, 480]
  timeshift_cam_imu: 0.0038270640059334653
cam1:
  T_cn_cnm1:
    [0.9999915381651291, -0.0017189759443457687, -0.0037372191785165865, -0.1227474,
    0.0017045940556542308, 0.999991142356863, -0.003848071499834044, -0.00051472,
    0.0037438008214834132, 0.0038416685001659554, 0.9999856117094337, 1.367e-05,
    0.0, 0.0, 0.0, 1.0]
  camera_model: pinhole
  distortion_coeffs: [-0.02084347, -0.01412935, 0.01739387, -0.00980141]
  distortion_model: equidistant
  intrinsics: [367.62189912, 367.36845723, 392.38932313, 224.03940487]
  resolution: [752, 480]
  timeshift_cam_imu: 0.003841518951950367
T_imu_body:
  [1.0000, 0.0000, 0.0000, 0.0000,
  0.0000, 1.0000, 0.0000, 0.0000,
  0.0000, 0.0000, 1.0000, 0.0000,
  0.0000, 0.0000, 0.0000, 1.0000]